acceptors: posX, posY
253.114 8.03761
279.84 216.149
20.1719 283.391
198.305 36.1058
174.97 200.783
109.723 101.538
177.148 27.0439
43.9086 175.673
275.161 130.54
138.605 143.465
208.059 70.3022
15.8112 109.785
194.527 34.0364
215.343 90.8327
44.77 8.31424
298.407 23.829
267.975 244.164
12.6693 72.5773
235.406 166.206
207.966 60.3859
230.974 201.369
163.694 260.826
125.147 5.52622
257.461 134.101
170.146 95.4753
123.476 236.132
263.804 291.166
202.323 298.714
101.654 48.8567
234.08 83.8363

donors: posX, posY
248.463 18.0188
91.7832 135.025
219.41 299.41
